时间(s),MP3B传感器(V),TGS2620传感器(V),MP801传感器(V),WSP2110传感器(V),TGS2609传感器(V),TGS2603传感器(V),TGS2602传感器(V),TGS2600传感器(V)
0.200000,0.052387,0.443047,0.182899,0.239354,0.504379,0.432497,0.213930,0.423906
0.400000,0.052241,0.441802,0.182641,0.238702,0.502092,0.432533,0.213810,0.422083
0.600000,0.052225,0.441203,0.182424,0.238347,0.500898,0.432303,0.213733,0.421279
0.800000,0.052206,0.440822,0.182440,0.238065,0.499570,0.432302,0.213533,0.420080
1.000000,0.052193,0.440111,0.182596,0.238035,0.498244,0.432399,0.213555,0.419323
1.200000,0.052204,0.439497,0.182376,0.237844,0.496976,0.432467,0.213361,0.418369
1.400000,0.052214,0.439071,0.182308,0.237391,0.495635,0.432152,0.213377,0.417197
1.600000,0.052033,0.438541,0.182363,0.237197,0.494292,0.432348,0.213184,0.416284
1.800000,0.052201,0.437848,0.181971,0.236955,0.493165,0.432338,0.213174,0.415348
2.000000,0.052195,0.437585,0.182194,0.236760,0.491917,0.432296,0.213074,0.414311
2.200000,0.052166,0.436999,0.182257,0.236402,0.490624,0.432151,0.213141,0.413415
2.400000,0.052035,0.436463,0.182154,0.236238,0.489364,0.432384,0.212955,0.412353
2.600000,0.052324,0.435810,0.182109,0.235887,0.487981,0.432257,0.212879,0.411537
2.800000,0.052180,0.435466,0.182332,0.235627,0.486956,0.432183,0.212684,0.410586
3.000000,0.052130,0.434920,0.182189,0.235590,0.485542,0.432209,0.212777,0.409688
3.200000,0.052137,0.434500,0.182046,0.235164,0.484520,0.432260,0.212776,0.408755
3.400000,0.052141,0.434059,0.181921,0.235019,0.483349,0.432041,0.212651,0.407751
3.600000,0.052053,0.433404,0.182025,0.234736,0.482144,0.432144,0.212552,0.406840
3.800000,0.052111,0.432985,0.182010,0.234393,0.481076,0.432051,0.212428,0.405889
4.000000,0.052049,0.432555,0.181931,0.234456,0.479643,0.431992,0.212413,0.405057
4.200000,0.052074,0.431998,0.182022,0.234153,0.478562,0.432012,0.212226,0.404196
4.400000,0.052109,0.431540,0.181746,0.233974,0.477152,0.432015,0.212232,0.403144
4.600000,0.052049,0.430787,0.181896,0.233691,0.476294,0.431835,0.212249,0.402375
4.800000,0.052125,0.430536,0.182021,0.233604,0.474993,0.431833,0.212206,0.401337
5.000000,0.052127,0.430262,0.181780,0.233157,0.473861,0.431883,0.212076,0.400695
5.200000,0.051895,0.429822,0.181678,0.233017,0.472665,0.431925,0.211716,0.399685
5.400000,0.052131,0.429204,0.181756,0.232811,0.471589,0.431904,0.211827,0.398883
5.600000,0.052075,0.428792,0.181679,0.232459,0.470381,0.431908,0.211746,0.397851
5.800000,0.052080,0.428409,0.181793,0.232335,0.469223,0.431712,0.211700,0.397174
6.000000,0.052057,0.427787,0.181379,0.232196,0.468209,0.431877,0.211625,0.396163
6.200000,0.052049,0.427491,0.181676,0.231903,0.467003,0.431694,0.211483,0.395483
6.400000,0.052081,0.427026,0.181707,0.231719,0.465952,0.431952,0.211347,0.394552
6.600000,0.052049,0.426232,0.181578,0.231442,0.464433,0.431797,0.211193,0.393453
6.800000,0.051981,0.425787,0.181672,0.231118,0.463215,0.431620,0.211136,0.392470
7.000000,0.052170,0.425460,0.181143,0.231007,0.462298,0.431568,0.211185,0.391784
7.200000,0.051902,0.425103,0.181556,0.230730,0.461142,0.431582,0.211124,0.390977
7.400000,0.051901,0.424774,0.181538,0.230580,0.460116,0.431560,0.210903,0.390147
7.600000,0.052031,0.424146,0.181435,0.230532,0.459088,0.431432,0.210932,0.389365
7.800000,0.052000,0.423676,0.181471,0.230196,0.457799,0.431540,0.211011,0.388629
8.000000,0.051981,0.422989,0.181286,0.229802,0.456870,0.431517,0.210730,0.387647
8.200000,0.052022,0.422959,0.181391,0.229792,0.455887,0.431489,0.210658,0.386770
8.400000,0.052156,0.422463,0.181381,0.229499,0.454785,0.431505,0.210608,0.386159
8.600000,0.051993,0.422210,0.181371,0.229447,0.453855,0.431408,0.210527,0.385327
8.800000,0.052000,0.421785,0.181347,0.229118,0.452863,0.431478,0.210454,0.384605
9.000000,0.051997,0.421330,0.181280,0.228928,0.451819,0.431403,0.210178,0.383876
9.200000,0.051957,0.421029,0.181308,0.228825,0.450745,0.431398,0.210023,0.383029
9.400000,0.051979,0.420628,0.181155,0.228680,0.449943,0.431238,0.210114,0.382392
9.600000,0.051848,0.420076,0.181167,0.228369,0.449005,0.431250,0.210153,0.381494
9.800000,0.051951,0.419769,0.181403,0.228251,0.447897,0.431323,0.210242,0.380755
10.000000,0.051958,0.419552,0.181192,0.228086,0.447038,0.431219,0.209981,0.380098
10.200000,0.051947,0.419113,0.181152,0.227870,0.445808,0.431079,0.210061,0.379425
10.400000,0.051948,0.418640,0.181171,0.227710,0.445046,0.431325,0.209922,0.378692
10.600000,0.051904,0.418295,0.181187,0.227362,0.444096,0.431262,0.209810,0.377847
10.800000,0.051977,0.418050,0.181236,0.227302,0.443221,0.431263,0.209596,0.377049
11.000000,0.051924,0.417669,0.180995,0.227124,0.442060,0.431236,0.209579,0.376535
11.200000,0.051917,0.417205,0.181128,0.226932,0.441132,0.431066,0.209516,0.375761
11.400000,0.051914,0.417020,0.181054,0.226859,0.440351,0.431157,0.209585,0.374922
11.600000,0.051913,0.416597,0.181097,0.226575,0.439340,0.431042,0.209437,0.374389
11.800000,0.051911,0.416171,0.181116,0.226591,0.438467,0.431104,0.209305,0.373651
12.000000,0.051896,0.415859,0.180898,0.226223,0.437551,0.431157,0.209201,0.373005
12.200000,0.051911,0.415494,0.180959,0.226114,0.436646,0.431065,0.209128,0.372319
12.400000,0.051895,0.415180,0.180970,0.226108,0.435572,0.431111,0.209160,0.371656
12.600000,0.051920,0.414628,0.180945,0.225702,0.434781,0.430975,0.209015,0.370895
12.800000,0.051888,0.414371,0.180953,0.225486,0.433571,0.431019,0.208997,0.370172
13.000000,0.051859,0.414068,0.180767,0.225276,0.432982,0.430863,0.208835,0.369425
13.200000,0.051897,0.413798,0.180845,0.225304,0.432128,0.430971,0.208824,0.368831
13.400000,0.051836,0.413306,0.180717,0.224942,0.431175,0.430867,0.208696,0.368122
13.600000,0.051869,0.413106,0.180929,0.224831,0.430563,0.430760,0.208632,0.367704
13.800000,0.051829,0.412779,0.180666,0.224760,0.390687,0.430857,0.208575,0.367044
14.000000,0.051855,0.412533,0.180910,0.224712,0.429012,0.430771,0.208453,0.366452
14.200000,0.051875,0.412220,0.180692,0.224375,0.428184,0.430819,0.208320,0.365807
14.400000,0.051860,0.411951,0.180748,0.224350,0.427433,0.430815,0.208427,0.365188
14.600000,0.051734,0.411595,0.180780,0.224127,0.426593,0.430652,0.208330,0.364549
14.800000,0.051790,0.411384,0.180610,0.223867,0.425783,0.430645,0.208296,0.364136
15.000000,0.051841,0.410996,0.180776,0.223931,0.425039,0.430881,0.208240,0.363504
15.200000,0.051832,0.410754,0.180686,0.223825,0.424303,0.430620,0.208032,0.362975
15.400000,0.051820,0.410453,0.180767,0.223692,0.423510,0.430687,0.207987,0.362364
15.600000,0.051820,0.410295,0.180649,0.223224,0.422741,0.430631,0.208060,0.361741
15.800000,0.051796,0.409715,0.180607,0.223317,0.422037,0.430704,0.207871,0.361177
16.000000,0.051686,0.409679,0.180684,0.223048,0.421290,0.430638,0.207937,0.360656
16.200000,0.051817,0.409287,0.180522,0.223002,0.420445,0.430827,0.207812,0.360055
16.400000,0.051817,0.408978,0.180616,0.222787,0.419840,0.430569,0.207685,0.359421
16.600000,0.051812,0.408694,0.180416,0.222624,0.418862,0.430593,0.207586,0.358919
16.800000,0.051774,0.408325,0.180511,0.222611,0.418310,0.430416,0.207573,0.358247
17.000000,0.051784,0.408310,0.180540,0.222240,0.417569,0.430496,0.207367,0.357811
17.200000,0.051796,0.407949,0.180526,0.222097,0.416840,0.430555,0.207381,0.357252
17.400000,0.051795,0.407546,0.180394,0.221985,0.416111,0.430464,0.207490,0.356643
17.600000,0.051596,0.407342,0.180396,0.222012,0.415202,0.430374,0.207291,0.356034
17.800000,0.051703,0.406970,0.180261,0.221764,0.414470,0.430401,0.207292,0.355637
18.000000,0.051430,0.406526,0.180451,0.221683,0.413868,0.430397,0.207182,0.354962
18.200000,0.051874,0.406368,0.180579,0.221494,0.413344,0.430325,0.207132,0.354595
18.400000,0.051595,0.406299,0.180296,0.221344,0.412560,0.430366,0.207000,0.354133
18.600000,0.051757,0.405988,0.180408,0.221288,0.411884,0.430334,0.206938,0.353516
18.800000,0.051749,0.405670,0.180426,0.221041,0.411250,0.468661,0.206912,0.353014
19.000000,0.051801,0.405283,0.180509,0.220838,0.410348,0.430448,0.206929,0.352449
19.200000,0.051731,0.405002,0.180450,0.220729,0.409518,0.430284,0.206839,0.312555
19.400000,0.051757,0.404795,0.180231,0.220538,0.408851,0.430343,0.206689,0.351130
19.600000,0.051744,0.404559,0.180296,0.220639,0.407983,0.430194,0.206724,0.350704
19.800000,0.051736,0.404128,0.180319,0.220329,0.407527,0.430008,0.206387,0.350180
20.000000,0.051718,0.403993,0.180294,0.220237,0.406742,0.430269,0.206510,0.349620
20.200000,0.051697,0.403745,0.180216,0.220069,0.406185,0.430008,0.206507,0.349090
20.400000,0.051717,0.403521,0.180099,0.219932,0.405449,0.430043,0.206438,0.348629
20.600000,0.051596,0.403272,0.180352,0.219858,0.404689,0.430115,0.206174,0.348166
20.800000,0.051732,0.402963,0.180068,0.219576,0.404062,0.430183,0.206274,0.347618
21.000000,0.051752,0.402740,0.180081,0.219567,0.403530,0.429996,0.206012,0.347285
21.200000,0.051739,0.402517,0.180317,0.219458,0.402741,0.430000,0.206022,0.346711
21.400000,0.051843,0.402301,0.180135,0.219408,0.402371,0.430030,0.206277,0.346203
21.600000,0.051606,0.401948,0.180119,0.219197,0.401563,0.430063,0.205879,0.345722
21.800000,0.051683,0.401622,0.180112,0.219266,0.400976,0.429869,0.205969,0.345208
22.000000,0.051693,0.401583,0.180079,0.219070,0.400044,0.430012,0.205775,0.344552
22.200000,0.051685,0.401206,0.179933,0.218930,0.399705,0.429988,0.205992,0.344213
22.400000,0.051448,0.401026,0.180063,0.218678,0.399047,0.429974,0.205774,0.343853
22.600000,0.051695,0.400729,0.180042,0.218543,0.398490,0.429871,0.205771,0.343315
22.800000,0.051667,0.400394,0.180189,0.218524,0.397838,0.429935,0.205767,0.342998
23.000000,0.051639,0.400122,0.180067,0.218400,0.397044,0.429860,0.205370,0.342255
23.200000,0.051691,0.400176,0.180024,0.218245,0.396428,0.429708,0.205507,0.341824
23.400000,0.051681,0.399717,0.179788,0.218194,0.395889,0.429785,0.205452,0.341445
23.600000,0.051628,0.399482,0.179954,0.217750,0.395243,0.429710,0.205251,0.340925
23.800000,0.051700,0.399382,0.179976,0.217959,0.394759,0.429775,0.205322,0.340453
24.000000,0.051622,0.399164,0.180001,0.217752,0.394204,0.429780,0.205262,0.340223
24.200000,0.051646,0.398904,0.180016,0.217630,0.393633,0.468643,0.205217,0.339643
24.400000,0.051641,0.398606,0.179803,0.217353,0.392939,0.390693,0.205112,0.339093
24.600000,0.051643,0.398485,0.179989,0.217437,0.392472,0.429660,0.205079,0.338823
24.800000,0.051656,0.398359,0.179796,0.217241,0.391731,0.468668,0.205027,0.338376
25.000000,0.051655,0.398161,0.179854,0.217209,0.391340,0.429539,0.205071,0.337971
25.200000,0.051631,0.397696,0.179897,0.217275,0.390641,0.429655,0.205039,0.337384
25.400000,0.051659,0.397611,0.179890,0.216965,0.390152,0.429398,0.204873,0.336946
25.600000,0.051627,0.397326,0.179837,0.216807,0.389510,0.429360,0.204901,0.336525
25.800000,0.051622,0.396997,0.179824,0.216814,0.388849,0.429441,0.204765,0.336120
26.000000,0.051615,0.396830,0.179777,0.216556,0.388208,0.429267,0.204653,0.335674
26.200000,0.051706,0.396718,0.179634,0.216474,0.387862,0.429519,0.204567,0.335089
26.400000,0.051596,0.396428,0.179765,0.216256,0.387262,0.429490,0.204500,0.334820
26.600000,0.051589,0.396149,0.179802,0.216256,0.386503,0.429481,0.204356,0.334412
26.800000,0.051608,0.396110,0.179751,0.216135,0.386199,0.429428,0.204453,0.333934
27.000000,0.051609,0.395955,0.179895,0.216000,0.385469,0.429418,0.204461,0.333460
27.200000,0.051610,0.395594,0.179800,0.215967,0.384827,0.429332,0.204200,0.333172
27.400000,0.051438,0.395393,0.179856,0.215635,0.384457,0.429353,0.204257,0.332771
27.600000,0.051672,0.395293,0.179652,0.215539,0.383638,0.429317,0.204252,0.332404
27.800000,0.051566,0.394911,0.179716,0.215536,0.383382,0.429117,0.204154,0.331984
28.000000,0.051709,0.394897,0.179573,0.215465,0.382881,0.429341,0.204116,0.331537
28.200000,0.051439,0.394681,0.179697,0.215382,0.382296,0.429285,0.203888,0.331185
28.400000,0.051426,0.394321,0.179631,0.215433,0.381814,0.429245,0.203985,0.330746
28.600000,0.051584,0.394116,0.179541,0.215099,0.381430,0.429201,0.204237,0.330354
28.800000,0.051602,0.394133,0.179674,0.215099,0.380810,0.429374,0.203728,0.330008
29.000000,0.051587,0.393683,0.179460,0.214861,0.380249,0.429202,0.203777,0.329649
29.200000,0.051577,0.393660,0.179744,0.214890,0.379768,0.429083,0.203683,0.329222
29.400000,0.051726,0.393412,0.179474,0.214784,0.379238,0.429189,0.203567,0.328819
29.600000,0.051547,0.393094,0.179567,0.214646,0.378792,0.429171,0.203658,0.328460
29.800000,0.051430,0.392972,0.179539,0.214506,0.378414,0.428981,0.203437,0.327923
30.000000,0.051554,0.392768,0.179580,0.214499,0.377814,0.429001,0.203501,0.327688
30.200000,0.051530,0.392485,0.179352,0.214384,0.377011,0.429007,0.203134,0.327077
30.400000,0.051468,0.392434,0.179338,0.214198,0.376560,0.428950,0.203414,0.326932
30.600000,0.051554,0.391772,0.179406,0.214138,0.376145,0.429013,0.203270,0.326496
30.800000,0.051656,0.392024,0.179454,0.214022,0.375416,0.428977,0.203310,0.326189
31.000000,0.051845,0.391744,0.179326,0.213968,0.375150,0.428969,0.203235,0.325763
31.200000,0.052131,0.391548,0.179510,0.213856,0.374806,0.428920,0.203134,0.325496
31.400000,0.052611,0.391446,0.179219,0.213628,0.374363,0.428792,0.203112,0.325173
31.600000,0.052892,0.391148,0.179517,0.213503,0.374268,0.428923,0.203061,0.324940
31.800000,0.053384,0.391122,0.179445,0.213631,0.374096,0.428782,0.202975,0.324898
32.000000,0.053931,0.390939,0.179495,0.213546,0.374022,0.428889,0.203032,0.324969
32.200000,0.054227,0.390954,0.179402,0.213704,0.374544,0.428848,0.202956,0.325178
32.400000,0.055074,0.391117,0.179489,0.213529,0.375155,0.428873,0.202905,0.325517
32.600000,0.055600,0.391350,0.179479,0.213648,0.375978,0.428859,0.202907,0.326303
32.800000,0.056295,0.391633,0.179524,0.213874,0.377294,0.428839,0.202923,0.327174
33.000000,0.056688,0.392182,0.179582,0.214356,0.378853,0.428786,0.202923,0.328072
33.200000,0.057091,0.392966,0.179445,0.214397,0.380592,0.428830,0.202875,0.329512
33.400000,0.057618,0.393796,0.179690,0.214888,0.382589,0.428746,0.202833,0.330960
33.600000,0.058084,0.395269,0.179516,0.215380,0.385059,0.428791,0.203064,0.332738
33.800000,0.058522,0.396830,0.179698,0.215986,0.387771,0.428825,0.202801,0.334768
34.000000,0.058789,0.398598,0.179828,0.216658,0.390609,0.428800,0.202820,0.336751
34.200000,0.059151,0.400979,0.179982,0.217388,0.393578,0.428854,0.203051,0.339168
34.400000,0.059419,0.403479,0.180153,0.218161,0.396988,0.428881,0.203087,0.341448
34.600000,0.059798,0.406454,0.180247,0.218924,0.400283,0.428903,0.203068,0.343849
34.800000,0.060117,0.409790,0.180377,0.219766,0.404140,0.428784,0.202901,0.346538
35.000000,0.060255,0.413231,0.180583,0.220730,0.407764,0.428836,0.202978,0.349410
35.200000,0.060312,0.417063,0.180928,0.221512,0.411743,0.428831,0.203242,0.352435
35.400000,0.060551,0.420944,0.180902,0.222640,0.415402,0.428917,0.203342,0.355284
35.600000,0.060615,0.425404,0.181158,0.223484,0.419218,0.428891,0.203125,0.358298
35.800000,0.060610,0.429447,0.181339,0.224419,0.423151,0.428808,0.203367,0.361280
36.000000,0.060862,0.434054,0.181529,0.225363,0.427241,0.428903,0.203519,0.364310
36.200000,0.060978,0.438399,0.181649,0.226040,0.431201,0.428816,0.203437,0.367522
36.400000,0.061090,0.443678,0.181963,0.227174,0.435572,0.428894,0.203515,0.370699
36.600000,0.061173,0.448691,0.182012,0.227973,0.439778,0.428800,0.203511,0.373979
36.800000,0.061122,0.453746,0.181915,0.228745,0.444081,0.428744,0.203481,0.377122
37.000000,0.061311,0.459153,0.182384,0.229746,0.448862,0.428923,0.203696,0.380791
37.200000,0.061377,0.464639,0.182629,0.230823,0.453452,0.429003,0.203831,0.384190
37.400000,0.061423,0.469921,0.182644,0.231572,0.458152,0.429005,0.203801,0.388292
37.600000,0.061517,0.477295,0.182763,0.232443,0.463767,0.429011,0.203891,0.392410
37.800000,0.061530,0.483069,0.183073,0.233209,0.468440,0.429055,0.203895,0.396041
38.000000,0.061582,0.488793,0.183215,0.234019,0.473074,0.429031,0.204056,0.399644
38.200000,0.061642,0.494534,0.183386,0.234695,0.477681,0.429038,0.204067,0.403421
38.400000,0.061533,0.500199,0.183494,0.235548,0.482567,0.429055,0.204173,0.407248
38.600000,0.061703,0.506100,0.183575,0.236439,0.487241,0.429072,0.204301,0.411048
38.800000,0.061750,0.512033,0.183791,0.237112,0.492081,0.429212,0.204275,0.414811
39.000000,0.061786,0.517824,0.184011,0.237848,0.497057,0.428954,0.204262,0.418400
39.200000,0.061870,0.523654,0.184073,0.238576,0.501903,0.428998,0.204433,0.422626
39.400000,0.061856,0.529436,0.184271,0.239305,0.506923,0.429221,0.204364,0.426244
39.600000,0.061849,0.535123,0.184418,0.240166,0.511612,0.428953,0.204757,0.430394
39.800000,0.061906,0.540833,0.184618,0.240765,0.516526,0.429200,0.204732,0.434145
40.000000,0.061877,0.546264,0.184724,0.241529,0.521394,0.429119,0.204635,0.437955
40.200000,0.061908,0.551879,0.184496,0.241848,0.526423,0.428962,0.204626,0.441914
40.400000,0.061939,0.557618,0.184934,0.242835,0.531398,0.429116,0.204779,0.446080
40.600000,0.061670,0.563338,0.185083,0.243667,0.536488,0.429366,0.204790,0.450195
40.800000,0.061995,0.568565,0.185128,0.244016,0.541496,0.429151,0.205011,0.454192
41.000000,0.062002,0.574120,0.185338,0.244823,0.546320,0.429159,0.204956,0.458177
41.200000,0.062031,0.579411,0.185264,0.245422,0.551583,0.429289,0.205196,0.461904
41.400000,0.062041,0.584769,0.185531,0.245979,0.556441,0.429356,0.205268,0.466242
41.600000,0.062022,0.589991,0.185694,0.246820,0.561314,0.429340,0.205373,0.470064
41.800000,0.062062,0.594788,0.185808,0.247475,0.566316,0.429325,0.205300,0.474145
42.000000,0.062047,0.599876,0.186023,0.248075,0.571227,0.429256,0.205477,0.477926
42.200000,0.062232,0.604886,0.186076,0.248681,0.576059,0.429500,0.205545,0.481824
42.400000,0.061963,0.609639,0.186054,0.249278,0.580944,0.429296,0.205596,0.485938
42.600000,0.061961,0.614503,0.186281,0.249755,0.585672,0.429370,0.205700,0.489674
42.800000,0.062137,0.619129,0.186325,0.250514,0.590636,0.429327,0.205811,0.493682
43.000000,0.062119,0.623798,0.186443,0.250993,0.595324,0.429481,0.205702,0.497572
43.200000,0.062144,0.628308,0.186597,0.251587,0.600100,0.429524,0.205886,0.501387
43.400000,0.062023,0.632506,0.186494,0.251924,0.604748,0.429527,0.206013,0.505176
43.600000,0.062180,0.636755,0.186821,0.252584,0.609301,0.429407,0.206049,0.508745
43.800000,0.062220,0.641224,0.186948,0.253497,0.614334,0.429621,0.206254,0.513215
44.000000,0.062175,0.646859,0.186999,0.254153,0.620679,0.429555,0.206444,0.517799
44.200000,0.062169,0.650656,0.187168,0.254751,0.625293,0.429454,0.206412,0.521454
44.400000,0.062212,0.654410,0.187262,0.255143,0.629602,0.429665,0.206552,0.525066
44.600000,0.062207,0.658395,0.187043,0.255849,0.634050,0.429573,0.206457,0.528638
44.800000,0.062177,0.661969,0.187412,0.256341,0.638520,0.429539,0.206642,0.532227
45.000000,0.062242,0.665544,0.187444,0.256842,0.642717,0.468735,0.206854,0.535622
45.200000,0.062222,0.668801,0.187613,0.257332,0.647116,0.429669,0.206789,0.538949
45.400000,0.062234,0.672405,0.187680,0.257782,0.651506,0.429817,0.206866,0.542554
45.600000,0.062105,0.675402,0.187979,0.258400,0.655576,0.429688,0.207078,0.545718
45.800000,0.062248,0.678448,0.187882,0.258940,0.659741,0.429789,0.206942,0.549109
46.000000,0.062136,0.681844,0.187929,0.259452,0.663460,0.429812,0.207159,0.552462
46.200000,0.062267,0.684757,0.188068,0.259981,0.667783,0.429702,0.207062,0.555621
46.400000,0.062253,0.687458,0.188118,0.260577,0.671962,0.429751,0.207106,0.558811
46.600000,0.062156,0.690366,0.188287,0.260857,0.675682,0.429814,0.207255,0.561850
46.800000,0.062317,0.693314,0.188247,0.261366,0.679778,0.429727,0.207412,0.564968
47.000000,0.062227,0.695669,0.188428,0.261806,0.683299,0.429816,0.207506,0.567846
47.200000,0.062307,0.698503,0.188550,0.262405,0.687275,0.429875,0.207644,0.571147
47.400000,0.062291,0.700774,0.188479,0.262770,0.691262,0.429974,0.207636,0.574156
47.600000,0.062138,0.703361,0.188723,0.263299,0.694819,0.429969,0.207781,0.576987
47.800000,0.062307,0.705493,0.188607,0.263537,0.698373,0.429966,0.207766,0.579845
48.000000,0.062283,0.707615,0.188622,0.264208,0.702021,0.430137,0.207955,0.582719
48.200000,0.062199,0.709885,0.188838,0.264669,0.705472,0.430033,0.208112,0.585520
48.400000,0.062326,0.712098,0.188891,0.265163,0.709000,0.430035,0.208088,0.588142
48.600000,0.062321,0.713991,0.188798,0.265598,0.712336,0.429863,0.208130,0.590895
48.800000,0.062329,0.715976,0.189053,0.265980,0.715725,0.429952,0.208277,0.593648
49.000000,0.062320,0.717928,0.189059,0.266486,0.719135,0.430261,0.208369,0.596218
49.200000,0.062359,0.719761,0.189167,0.266936,0.722072,0.430101,0.208285,0.598855
49.400000,0.062338,0.721676,0.189064,0.267181,0.725479,0.430125,0.208470,0.601468
49.600000,0.062345,0.723335,0.189406,0.267652,0.728695,0.430258,0.208446,0.603867
49.800000,0.062367,0.725042,0.189475,0.268130,0.731896,0.430178,0.208685,0.606340
50.000000,0.062361,0.726730,0.189382,0.268666,0.735011,0.430206,0.208783,0.608869
50.200000,0.062256,0.728325,0.189606,0.269143,0.738488,0.430265,0.208883,0.611720
50.400000,0.062363,0.729897,0.189497,0.269705,0.741251,0.430269,0.208850,0.613937
50.600000,0.062394,0.731371,0.189524,0.270054,0.744401,0.430296,0.209002,0.616365
50.800000,0.062361,0.732969,0.189819,0.270373,0.747225,0.430172,0.209196,0.618692
51.000000,0.062318,0.734519,0.189890,0.270968,0.750116,0.430319,0.209155,0.620775
51.200000,0.062526,0.735702,0.189685,0.271301,0.752954,0.430211,0.209286,0.623030
51.400000,0.062384,0.737113,0.189872,0.271684,0.755722,0.430162,0.209447,0.625203
51.600000,0.062465,0.738328,0.189965,0.272209,0.758357,0.430408,0.209494,0.627449
51.800000,0.062398,0.739408,0.189976,0.272521,0.761070,0.430465,0.209388,0.629426
52.000000,0.062257,0.740623,0.189993,0.272855,0.763575,0.430440,0.209399,0.631710
52.200000,0.062410,0.741698,0.190258,0.273262,0.766152,0.430590,0.209618,0.633553
52.400000,0.062420,0.742921,0.190219,0.273643,0.768625,0.430341,0.209735,0.635536
52.600000,0.062345,0.744002,0.190164,0.274050,0.770997,0.430362,0.209823,0.637543
52.800000,0.062433,0.745106,0.190294,0.274498,0.773388,0.430492,0.209832,0.639577
53.000000,0.062436,0.745859,0.190322,0.274870,0.775839,0.430500,0.209921,0.641428
53.200000,0.062281,0.746953,0.190343,0.275050,0.778080,0.430520,0.210053,0.643209
53.400000,0.062452,0.747713,0.190299,0.275576,0.780337,0.430474,0.209993,0.645251
53.600000,0.062462,0.748898,0.190542,0.276170,0.782625,0.430479,0.210196,0.646901
53.800000,0.062469,0.749567,0.190499,0.276413,0.784885,0.430723,0.210413,0.648612
54.000000,0.062441,0.750395,0.190505,0.276899,0.786954,0.430570,0.210331,0.650339
54.200000,0.062466,0.751329,0.190469,0.276998,0.788851,0.430514,0.210286,0.652128
54.400000,0.062307,0.752042,0.190802,0.277491,0.791254,0.430674,0.210488,0.653963
54.600000,0.062450,0.752894,0.190544,0.277967,0.793217,0.430650,0.210429,0.655131
54.800000,0.062456,0.753621,0.190874,0.278238,0.795282,0.430723,0.210621,0.657006
55.000000,0.062469,0.754327,0.190818,0.278482,0.797036,0.430899,0.210614,0.658521
55.200000,0.062445,0.754884,0.190865,0.278801,0.798971,0.430825,0.210816,0.660201
55.400000,0.062452,0.755589,0.190887,0.279053,0.800838,0.430626,0.210766,0.661508
55.600000,0.062473,0.756307,0.190976,0.279635,0.802884,0.430772,0.211012,0.663276
55.800000,0.062471,0.756992,0.191038,0.280077,0.804609,0.430650,0.211043,0.664616
56.000000,0.062517,0.757555,0.191144,0.280364,0.806378,0.430778,0.211327,0.665897
56.200000,0.062484,0.758073,0.191082,0.280682,0.808045,0.430846,0.211247,0.667626
56.400000,0.062492,0.758916,0.191146,0.281183,0.810106,0.430641,0.211300,0.669207
56.600000,0.062490,0.759302,0.191171,0.281322,0.811820,0.430893,0.211461,0.670582
56.800000,0.062363,0.759850,0.191122,0.281814,0.813298,0.430822,0.211439,0.671964
57.000000,0.062484,0.760362,0.191239,0.282139,0.815030,0.430838,0.211466,0.673031
57.200000,0.062485,0.761029,0.191469,0.282496,0.816869,0.430960,0.211610,0.674421
57.400000,0.062486,0.761539,0.191209,0.282859,0.818224,0.430853,0.211682,0.675504
57.600000,0.062498,0.761995,0.191411,0.283073,0.819814,0.430895,0.211762,0.676899
57.800000,0.062348,0.762425,0.191410,0.283544,0.821024,0.431024,0.211852,0.678120
58.000000,0.062483,0.763048,0.191392,0.283866,0.822622,0.430910,0.211920,0.679206
58.200000,0.062500,0.763390,0.191454,0.284206,0.824232,0.431030,0.211993,0.680302
58.400000,0.062513,0.763570,0.191629,0.284568,0.825555,0.430950,0.212157,0.681641
58.600000,0.062524,0.764297,0.191567,0.284824,0.827034,0.431075,0.212190,0.682709
58.800000,0.062515,0.764601,0.191590,0.285150,0.828380,0.431119,0.212222,0.683853
59.000000,0.062656,0.765007,0.191740,0.285382,0.829656,0.431143,0.212297,0.684954
59.200000,0.062443,0.765470,0.191560,0.285909,0.830949,0.431161,0.212403,0.686020
59.400000,0.062521,0.765793,0.191757,0.285966,0.832340,0.431232,0.212504,0.686838
59.600000,0.062498,0.766020,0.191660,0.286356,0.833575,0.431363,0.212534,0.687986
59.800000,0.062519,0.766411,0.191780,0.286561,0.834685,0.431270,0.212696,0.689010
60.000000,0.062481,0.766754,0.191775,0.286881,0.835932,0.431357,0.212625,0.689945
60.200000,0.062509,0.767108,0.191830,0.287313,0.836995,0.431258,0.212812,0.690948
60.400000,0.062462,0.767323,0.192063,0.287512,0.838171,0.431165,0.212662,0.691885
60.600000,0.062522,0.767757,0.191969,0.288081,0.839357,0.431339,0.212881,0.692861
60.800000,0.062274,0.768016,0.191829,0.288159,0.840690,0.431242,0.212921,0.693778
61.000000,0.062519,0.768416,0.191995,0.288695,0.841821,0.431368,0.213087,0.694623
61.200000,0.062537,0.768687,0.191988,0.288888,0.842681,0.431518,0.213113,0.695581
61.400000,0.062535,0.768779,0.192250,0.289021,0.843845,0.431406,0.213186,0.696277
61.600000,0.062515,0.769191,0.191973,0.289435,0.845019,0.431438,0.213305,0.697178
61.800000,0.062527,0.769369,0.192042,0.289625,0.845834,0.431434,0.213376,0.698204
62.000000,0.062551,0.769734,0.192047,0.290057,0.846986,0.431421,0.213450,0.698711
62.200000,0.062318,0.769823,0.192222,0.290270,0.848063,0.431661,0.213611,0.699728
62.400000,0.062364,0.770221,0.192354,0.290811,0.849059,0.431199,0.213754,0.700746
62.600000,0.062503,0.770475,0.192145,0.291021,0.850327,0.431384,0.213693,0.701464
62.800000,0.062673,0.770803,0.192325,0.291166,0.851401,0.431575,0.213775,0.702481
63.000000,0.062460,0.770960,0.192403,0.291471,0.852101,0.431592,0.213694,0.703228
63.200000,0.062506,0.771067,0.192324,0.291877,0.853069,0.431550,0.213907,0.703807
63.400000,0.062503,0.771338,0.192406,0.292060,0.854070,0.431588,0.214065,0.704365
63.600000,0.062432,0.771535,0.192556,0.292299,0.854671,0.431454,0.213994,0.705229
63.800000,0.062517,0.771499,0.192297,0.292681,0.855594,0.431630,0.214086,0.705894
64.000000,0.062534,0.771810,0.192535,0.292841,0.856402,0.431568,0.214158,0.706664
64.200000,0.062523,0.772017,0.192502,0.293254,0.857306,0.431708,0.214187,0.707324
64.400000,0.062541,0.772397,0.192508,0.293433,0.857878,0.431601,0.214475,0.707960
64.600000,0.062548,0.772342,0.192612,0.293828,0.858779,0.431700,0.214258,0.708621
64.800000,0.062537,0.772630,0.192474,0.294040,0.859574,0.431713,0.214442,0.709094
65.000000,0.062548,0.772773,0.192592,0.294596,0.860334,0.431886,0.214452,0.709912
65.200000,0.062697,0.772879,0.192648,0.294558,0.861237,0.431812,0.214613,0.710564
65.400000,0.062553,0.773066,0.192556,0.294660,0.861853,0.431671,0.214571,0.710931
65.600000,0.062702,0.773181,0.192695,0.295162,0.862438,0.431689,0.214574,0.711660
65.800000,0.062426,0.773392,0.192644,0.295311,0.863381,0.431748,0.214829,0.712259
66.000000,0.062566,0.773508,0.192664,0.295502,0.864042,0.431772,0.214697,0.712824
66.200000,0.062701,0.773469,0.192852,0.295871,0.864862,0.431912,0.214974,0.713276
66.400000,0.062515,0.773782,0.192736,0.296170,0.865294,0.431871,0.215128,0.713869
66.600000,0.062420,0.774019,0.192738,0.296409,0.866149,0.431922,0.215054,0.714418
66.800000,0.062584,0.774024,0.192845,0.296764,0.866810,0.431908,0.215124,0.714945
67.000000,0.062703,0.774091,0.192820,0.296792,0.867412,0.431830,0.215226,0.715525
67.200000,0.062704,0.774259,0.192819,0.296994,0.867922,0.431933,0.215261,0.715987
67.400000,0.062577,0.774441,0.192881,0.297338,0.868588,0.432072,0.215410,0.716432
67.600000,0.062530,0.774655,0.192737,0.297592,0.869269,0.431605,0.215486,0.717073
67.800000,0.062408,0.774781,0.192915,0.297754,0.869887,0.432060,0.215602,0.717487
68.000000,0.062559,0.774825,0.192937,0.298165,0.870295,0.431895,0.215506,0.718013
68.200000,0.062658,0.774922,0.192999,0.298506,0.870910,0.432108,0.215614,0.718535
68.400000,0.062634,0.774877,0.192922,0.298589,0.871538,0.432002,0.215673,0.718902
68.600000,0.062610,0.775242,0.192884,0.298887,0.872308,0.432116,0.215749,0.719426
68.800000,0.062578,0.775239,0.192992,0.299370,0.872587,0.432068,0.215821,0.719901
69.000000,0.062596,0.775374,0.193041,0.299476,0.873392,0.432031,0.215761,0.720287
69.200000,0.062563,0.775564,0.192992,0.299641,0.873806,0.432130,0.215802,0.720760
69.400000,0.062660,0.775604,0.192978,0.299877,0.874462,0.432000,0.216032,0.720987
69.600000,0.062540,0.775889,0.193061,0.300078,0.874807,0.432162,0.215915,0.721527
69.800000,0.062634,0.775656,0.193083,0.300176,0.875532,0.432140,0.216132,0.721940
70.000000,0.062611,0.775899,0.193154,0.300558,0.875906,0.432141,0.216115,0.722348
70.200000,0.062558,0.775939,0.193067,0.300683,0.876436,0.432068,0.216070,0.722649
70.400000,0.062611,0.776136,0.193041,0.300607,0.876811,0.432206,0.216296,0.723186
70.600000,0.062611,0.776070,0.193028,0.301288,0.877524,0.432285,0.216219,0.723426
70.800000,0.062592,0.776320,0.193207,0.301373,0.877707,0.432176,0.216514,0.724000
71.000000,0.062588,0.776236,0.193185,0.301704,0.878331,0.432134,0.216669,0.724285
71.200000,0.062609,0.776374,0.193306,0.301949,0.879007,0.432493,0.216411,0.724498
71.400000,0.062594,0.776463,0.193233,0.302224,0.879222,0.432355,0.216624,0.725067
71.600000,0.062599,0.776570,0.193535,0.302377,0.879719,0.432379,0.216730,0.725405
71.800000,0.062712,0.776599,0.193214,0.302619,0.880258,0.432337,0.216755,0.725806
72.000000,0.062529,0.776792,0.193400,0.302811,0.880566,0.432431,0.216691,0.726047
72.200000,0.062573,0.776897,0.193385,0.303053,0.881106,0.432415,0.216901,0.726605
72.400000,0.062586,0.776919,0.193396,0.303400,0.881457,0.432448,0.216834,0.726744
72.600000,0.062310,0.777003,0.193389,0.303589,0.881831,0.432463,0.216866,0.727083
72.800000,0.062435,0.777180,0.193388,0.303742,0.882306,0.432345,0.217096,0.727417
73.000000,0.062565,0.777053,0.193601,0.304014,0.882710,0.432442,0.217009,0.727737
73.200000,0.062581,0.777274,0.193369,0.304205,0.883111,0.432351,0.217214,0.728007
73.400000,0.062541,0.776986,0.193480,0.304490,0.883470,0.432309,0.217164,0.728173
73.600000,0.062583,0.777416,0.193357,0.304635,0.883712,0.432504,0.217314,0.728645
73.800000,0.062657,0.777550,0.193535,0.304648,0.884176,0.432521,0.217367,0.729027
74.000000,0.062602,0.777561,0.193541,0.304723,0.884482,0.432490,0.217458,0.729320
74.200000,0.062599,0.777640,0.193481,0.305235,0.884907,0.432498,0.217565,0.729423
74.400000,0.062563,0.777599,0.193537,0.305341,0.885063,0.432665,0.217654,0.729899
74.600000,0.062584,0.777691,0.193495,0.305682,0.885550,0.432624,0.217487,0.730083
74.800000,0.062537,0.777605,0.193629,0.305932,0.885990,0.432594,0.217689,0.730311
75.000000,0.062588,0.777714,0.193518,0.306111,0.886318,0.432710,0.217724,0.730606
75.200000,0.062429,0.777825,0.193505,0.306298,0.886638,0.432697,0.217884,0.730593
75.400000,0.062583,0.777776,0.193594,0.306646,0.886876,0.432521,0.218006,0.731187
75.600000,0.062578,0.777890,0.193623,0.306791,0.886974,0.432734,0.217933,0.731314
75.800000,0.062613,0.778032,0.193549,0.306889,0.887448,0.432773,0.217746,0.731757
76.000000,0.062607,0.778023,0.193687,0.307105,0.887763,0.432733,0.218059,0.731825
76.200000,0.062566,0.778169,0.193519,0.307347,0.888120,0.432650,0.218132,0.732163
76.400000,0.062585,0.778042,0.193765,0.307522,0.888410,0.432890,0.218190,0.732222
76.600000,0.062687,0.777962,0.193656,0.307548,0.888782,0.432741,0.218055,0.732476
76.800000,0.062602,0.778058,0.193681,0.307966,0.889116,0.432795,0.218346,0.732708
77.000000,0.062435,0.778220,0.193697,0.308146,0.889409,0.432840,0.218347,0.733059
77.200000,0.062450,0.778180,0.193914,0.308287,0.889627,0.432834,0.218417,0.733084
77.400000,0.062461,0.778250,0.193654,0.308416,0.889740,0.432857,0.218496,0.733494
77.600000,0.062581,0.778222,0.193686,0.308602,0.890196,0.432760,0.218523,0.733541
77.800000,0.062615,0.778264,0.193789,0.308983,0.890219,0.433039,0.218594,0.733820
78.000000,0.062610,0.778036,0.193844,0.309286,0.890681,0.432877,0.218628,0.734131
78.200000,0.062438,0.778334,0.193828,0.309151,0.890824,0.432777,0.218710,0.734311
78.400000,0.062628,0.778437,0.193840,0.309511,0.891209,0.432925,0.218762,0.734418
78.600000,0.062307,0.778224,0.193793,0.309547,0.891025,0.432636,0.218498,0.734773
78.800000,0.062466,0.778329,0.193633,0.309455,0.891245,0.432726,0.218536,0.734696
79.000000,0.062655,0.778647,0.194086,0.310081,0.891972,0.432908,0.219032,0.735046
79.200000,0.062619,0.778630,0.193791,0.310468,0.892281,0.433115,0.219010,0.735385
79.400000,0.062566,0.778532,0.194070,0.310420,0.892516,0.433004,0.218998,0.735496
79.600000,0.062616,0.778715,0.193919,0.310795,0.892777,0.433054,0.219106,0.735868
79.800000,0.062431,0.778591,0.193864,0.310713,0.892812,0.432982,0.219062,0.735822
80.000000,0.062491,0.778779,0.193980,0.311086,0.893106,0.432913,0.219144,0.736210
80.200000,0.062576,0.778935,0.193998,0.311316,0.893474,0.433074,0.219287,0.736326
80.400000,0.062703,0.778530,0.194016,0.311292,0.893685,0.433285,0.219279,0.736630
80.600000,0.062631,0.778727,0.193926,0.311460,0.893731,0.433154,0.219326,0.736621
80.800000,0.062602,0.778907,0.193893,0.311653,0.893883,0.433060,0.219551,0.736654
81.000000,0.062586,0.778815,0.194141,0.311987,0.894314,0.433292,0.219505,0.737113
81.200000,0.062601,0.779020,0.193980,0.312114,0.894206,0.433185,0.219539,0.736891
81.400000,0.062442,0.778813,0.194083,0.312204,0.894334,0.433057,0.219543,0.737155
81.600000,0.062637,0.779088,0.194031,0.312452,0.894644,0.433164,0.219491,0.737388
81.800000,0.062580,0.779242,0.194222,0.312602,0.894966,0.433198,0.219686,0.737457
82.000000,0.062618,0.779063,0.194215,0.312725,0.895014,0.433257,0.219453,0.737756
82.200000,0.062601,0.779129,0.194011,0.312921,0.895141,0.433157,0.219733,0.737968
82.400000,0.062631,0.778972,0.194135,0.312995,0.895493,0.433234,0.219858,0.738015
82.600000,0.062645,0.779212,0.194236,0.313307,0.895553,0.433207,0.219740,0.738143
82.800000,0.062611,0.778865,0.193968,0.313547,0.895805,0.433326,0.219891,0.738093
83.000000,0.062588,0.779400,0.194195,0.313553,0.895998,0.433269,0.219995,0.738446
83.200000,0.062579,0.779010,0.193971,0.313664,0.895968,0.433288,0.219951,0.738484
83.400000,0.062655,0.779179,0.194103,0.313834,0.896447,0.433343,0.220150,0.738521
83.600000,0.062649,0.779305,0.194236,0.313978,0.896465,0.433309,0.220067,0.738798
83.800000,0.062633,0.779136,0.194212,0.314243,0.896375,0.433446,0.220104,0.738847
84.000000,0.062631,0.779361,0.194095,0.314345,0.896628,0.433366,0.220168,0.738844
84.200000,0.062637,0.779340,0.194097,0.314449,0.896977,0.433409,0.220249,0.738998
84.400000,0.062613,0.779380,0.194123,0.314558,0.897076,0.433456,0.220307,0.739175
84.600000,0.062616,0.779395,0.194299,0.314524,0.897319,0.433415,0.220172,0.739342
84.800000,0.062621,0.779314,0.194104,0.314812,0.897327,0.433427,0.220372,0.739624
85.000000,0.062669,0.779436,0.194321,0.315105,0.897629,0.433548,0.220467,0.739701
85.200000,0.062664,0.779556,0.194370,0.315272,0.897815,0.433504,0.220617,0.739665
85.400000,0.062636,0.779308,0.194219,0.315356,0.897878,0.433499,0.220532,0.739878
85.600000,0.062647,0.779446,0.194296,0.315410,0.898067,0.433391,0.220560,0.739927
85.800000,0.062622,0.779654,0.194291,0.315728,0.898203,0.433635,0.220579,0.740134
86.000000,0.062563,0.779642,0.194315,0.315749,0.898160,0.433512,0.220530,0.740279
86.200000,0.062482,0.779640,0.194381,0.316146,0.898430,0.433612,0.220494,0.740479
86.400000,0.062611,0.779695,0.194339,0.316054,0.898678,0.433239,0.220751,0.740484
86.600000,0.062608,0.779459,0.194317,0.316253,0.898539,0.433430,0.220674,0.740394
86.800000,0.062611,0.779671,0.194317,0.316616,0.898789,0.433462,0.220860,0.740702
87.000000,0.062652,0.779871,0.194374,0.316666,0.898912,0.433412,0.220867,0.740908
87.200000,0.062618,0.779705,0.194244,0.316639,0.899086,0.433524,0.220920,0.740447
87.400000,0.062615,0.779371,0.194328,0.316774,0.899241,0.433551,0.221071,0.740895
87.600000,0.062632,0.779764,0.194672,0.316994,0.899306,0.433611,0.221037,0.740950
87.800000,0.062678,0.779896,0.194653,0.317107,0.899615,0.433680,0.221005,0.741392
88.000000,0.062636,0.779798,0.194502,0.317360,0.899544,0.433699,0.220979,0.741235
88.200000,0.062680,0.780024,0.194345,0.317489,0.899835,0.433670,0.221165,0.741430
88.400000,0.062660,0.779915,0.194256,0.317791,0.899847,0.433711,0.221190,0.741595
88.600000,0.062634,0.779964,0.194459,0.317707,0.899989,0.433789,0.221379,0.741822
88.800000,0.062679,0.779973,0.194338,0.317987,0.900147,0.433641,0.221396,0.741752
89.000000,0.062743,0.779932,0.194454,0.317996,0.900331,0.433800,0.221378,0.741974
89.200000,0.062678,0.779952,0.194287,0.318019,0.900568,0.433782,0.221364,0.741900
89.400000,0.062646,0.780088,0.194158,0.318415,0.900391,0.433807,0.221431,0.741939
89.600000,0.062647,0.780135,0.194492,0.318581,0.900700,0.433787,0.221302,0.703248
89.800000,0.062657,0.780047,0.194498,0.318464,0.900999,0.433838,0.221500,0.742318
90.000000,0.062642,0.780124,0.194481,0.318675,0.900523,0.433527,0.221495,0.742151
